
hello
my name
my email
project count!@#!@#
pay rate
termination date
can i trust u/.
performance
ays emplyed
leave
earned leave
hello
my name
email
id
ljbflwefwe
f
test
days emplfoyed
days eployed
days
employed days
sadasdsad
project count
position
days employe
employment stati
termination
race
gender
birth
phone
email
birth date
date
name
citizen
marital
Hello!
What can you do?
name
name
name
name
name
id
id
Hello!
what is my payrate?
thank you!
hello
when was my last evaluation?
thanks
hello
hello
what is my paycheck?
hello
hello
what is my payrate?
thanks!
Hello
Hello
Hello
Hello
Hello
Hello
What is my payrate?
thanks!
asdasdas
HELLO
kioahfiwef
asdasdas
d
dasd
sadasds
asdasd
sadasd
name
sadas
name
id
sadasdsad
name
a
sdasds
id
hello
what can you do
my name?
"my n,ame"
his name
what name
ew
hello
name
sick leave
phone
last evauluation date
last evaluation date
